2 0.47421875 0.49765625 0.2734375 0.2734375
2 0.55546875 0.7015625 0.2765625 0.225
2 0.603125 0.2484375 0.28125 0.20625
2 0.7125 0.82109375 0.24375 0.2078125
2 0.65625 0.35 0.19375 0.1875
2 0.7796875 0.71015625 0.15 0.1484375
2 0.89609375 0.709375 0.1546875 0.246875
2 0.8828125 0.35625 0.234375 0.246875
2 0.88515625 0.16796875 0.1453125 0.1578125
2 0.8671875 0.05859375 0.134375 0.1171875
2 0.21015625 0.696875 0.1015625 0.128125
2 0.36171875 0.75703125 0.1703125 0.1828125
2 0.453125 0.88125 0.19375 0.165625