0 0.5734375 0.3109375 0.284375 0.234375
0 0.88671875 0.63359375 0.1921875 0.1953125
0 0.7140625 0.1890625 0.20625 0.153125
0 0.82734375 0.4578125 0.2234375 0.178125
0 0.90078125 0.21015625 0.1984375 0.1734375
0 0.72890625 0.88828125 0.1328125 0.1796875
0 0.9484375 0.3640625 0.103125 0.1
0 0.46953125 0.696875 0.1015625 0.10625
0 0.56640625 0.84921875 0.1546875 0.1359375
0 0.6125 0.753125 0.18125 0.16875
0 0.96328125 0.49140625 0.0734375 0.1203125
0 0.98515625 0.190625 0.0296875 0.175
0 0.91328125 0.05703125 0.1203125 0.0671875
0 0.8109375 0.7421875 0.153125 0.1375
0 0.93828125 0.7453125 0.1015625 0.096875