0 0.59921875 0.36328125 0.1734375 0.1328125
0 0.46640625 0.85390625 0.1484375 0.1078125
0 0.77890625 0.89296875 0.1484375 0.1078125
0 0.06640625 0.1609375 0.1328125 0.159375
0 0.06328125 0.8625 0.0703125 0.075
0 0.821875 0.565625 0.1375 0.1125
0 0.83984375 0.6296875 0.1140625 0.09375
0 0.92109375 0.69609375 0.1171875 0.1421875
0 0.50078125 0.27265625 0.1859375 0.1484375
0 0.4234375 0.09765625 0.165625 0.1265625
0 0.5953125 0.584375 0.065625 0.06875
0 0.36640625 0.53359375 0.0984375 0.0984375
0 0.11875 0.39375 0.209375 0.175
0 0.94453125 0.86015625 0.1015625 0.1140625
0 0.26328125 0.89453125 0.1234375 0.0984375
0 0.93046875 0.37578125 0.1296875 0.1015625
0 0.12421875 0.78359375 0.1078125 0.1734375