0 0.5890625 0.37265625 0.18125 0.1421875
0 0.49921875 0.86875 0.1546875 0.115625
0 0.81640625 0.8890625 0.1546875 0.115625
0 0.05546875 0.20390625 0.1109375 0.1671875
0 0.096875 0.9015625 0.075 0.078125
0 0.8296875 0.5609375 0.14375 0.121875
0 0.853125 0.62265625 0.11875 0.0984375
0 0.9359375 0.6828125 0.121875 0.146875
0 0.4828125 0.28828125 0.19375 0.1578125
0 0.38984375 0.11875 0.1734375 0.134375
0 0.60546875 0.5921875 0.0703125 0.071875
0 0.37109375 0.55546875 0.1046875 0.1015625
0 0.11171875 0.4296875 0.2203125 0.184375
0 0.959375 0.8453125 0.071875 0.121875
0 0.29921875 0.91953125 0.1296875 0.1046875
0 0.92109375 0.36640625 0.1359375 0.1078125
0 0.15078125 0.81875 0.1203125 0.175