0 0.10703125 0.91953125 0.1234375 0.1609375
0 0.059375 0.7609375 0.09375 0.140625
0 0.53046875 0.2765625 0.1609375 0.23125
0 0.78828125 0.81640625 0.1765625 0.1921875
0 0.45546875 0.6359375 0.1296875 0.196875
0 0.57578125 0.72265625 0.0828125 0.0890625
0 0.540625 0.4625 0.10625 0.11875
0 0.04375 0.459375 0.0875 0.121875
0 0.45859375 0.91796875 0.1265625 0.1484375
0 0.33984375 0.21796875 0.1359375 0.1265625
0 0.65390625 0.30859375 0.1671875 0.2703125
0 0.865625 0.1640625 0.096875 0.115625
0 0.91015625 0.4296875 0.1640625 0.25