2 0.31640625 0.58515625 0.1390625 0.1203125
2 0.234375 0.77265625 0.075 0.1046875
2 0.4546875 0.60703125 0.1375 0.1140625
2 0.19296875 0.68515625 0.1828125 0.1390625
2 0.1015625 0.88515625 0.203125 0.2265625
2 0.4015625 0.88984375 0.35625 0.2203125
2 0.325 0.7578125 0.084375 0.134375
2 0.49921875 0.76953125 0.2828125 0.2484375
2 0.6765625 0.975 0.075 0.05
2 0.6765625 0.72890625 0.171875 0.3296875
2 0.81953125 0.8234375 0.2828125 0.353125
2 0.53828125 0.52890625 0.2515625 0.0828125
2 0.8875 0.5015625 0.08125 0.078125
2 0.5921875 0.94921875 0.078125 0.1015625