2 0.4421875 0.71015625 0.1875 0.2140625
2 0.55625 0.68125 0.034375 0.09375
2 0.8828125 0.578125 0.1625 0.246875
2 0.70703125 0.71484375 0.0640625 0.1484375
2 0.8609375 0.3796875 0.090625 0.153125
2 0.6109375 0.54765625 0.103125 0.1484375
2 0.53046875 0.46796875 0.1703125 0.1984375
2 0.56640625 0.89140625 0.0578125 0.1140625
2 0.43828125 0.90390625 0.0734375 0.1203125
2 0.540625 0.3390625 0.578125 0.3
2 0.96171875 0.665625 0.0734375 0.203125
2 0.790625 0.7171875 0.1125 0.20625
2 0.76484375 0.9671875 0.0734375 0.065625
2 0.8078125 0.90859375 0.284375 0.1734375
2 0.93046875 0.80625 0.0484375 0.071875
2 0.85234375 0.7921875 0.0765625 0.075