2 0.3015625 0.56015625 0.225 0.2015625
2 0.33125 0.446875 0.096875 0.040625
2 0.43828125 0.128125 0.2578125 0.178125
2 0.3 0.29453125 0.153125 0.0734375
2 0.63671875 0.1625 0.1578125 0.1
2 0.46640625 0.4015625 0.1546875 0.1125
2 0.5453125 0.48671875 0.209375 0.1828125
2 0.121875 0.425 0.115625 0.0625
2 0.1078125 0.55234375 0.125 0.0796875
2 0.675 0.4859375 0.334375 0.596875
2 0.35078125 0.04765625 0.2078125 0.0796875
2 0.2984375 0.21171875 0.2125 0.1265625
2 0.04765625 0.22109375 0.0703125 0.0765625
2 0.1078125 0.18203125 0.1875 0.2953125
2 0.2109375 0.06640625 0.075 0.0515625
2 0.22421875 0.14453125 0.0796875 0.0796875