2 0.4984375 0.55390625 0.196875 0.2078125
2 0.634375 0.5640625 0.05 0.05
2 0.3 0.60859375 0.04375 0.0515625
2 0.20859375 0.62421875 0.0515625 0.0359375
2 0.43828125 0.44921875 0.0828125 0.0546875
2 0.66796875 0.6921875 0.1453125 0.153125
2 0.57734375 0.94921875 0.0703125 0.0578125
2 0.59765625 0.884375 0.0421875 0.040625
2 0.4375 0.9265625 0.034375 0.034375
0 0.3703125 0.61875 0.028125 0.046875
2 0.359375 0.33515625 0.040625 0.0890625
2 0.14140625 0.18984375 0.0515625 0.0640625
2 0.1203125 0.12265625 0.075 0.0578125
2 0.46640625 0.26015625 0.0578125 0.0953125
2 0.36640625 0.071875 0.0640625 0.059375
2 0.33515625 0.02109375 0.0484375 0.0421875
2 0.028125 0.1625 0.05625 0.059375
2 0.2203125 0.1296875 0.059375 0.071875
2 0.25546875 0.35625 0.0578125 0.0625
2 0.35234375 0.4296875 0.0421875 0.05
2 0.16796875 0.50625 0.0359375 0.0625
2 0.0140625 0.5265625 0.028125 0.046875
2 0.1515625 0.82890625 0.040625 0.0515625
2 0.13984375 0.93125 0.0484375 0.040625
2 0.76328125 0.40078125 0.0453125 0.0328125
2 0.76171875 0.48359375 0.0390625 0.0359375
2 0.69453125 0.4546875 0.0484375 0.046875
2 0.7796875 0.35 0.028125 0.03125
2 0.7625 0.30078125 0.025 0.0328125
2 0.82421875 0.33828125 0.0421875 0.0328125
2 0.75625 0.2421875 0.03125 0.053125
2 0.6265625 0.2390625 0.028125 0.03125
2 0.88828125 0.97890625 0.0734375 0.0421875
2 0.9265625 0.51328125 0.065625 0.1109375
2 0.92734375 0.61328125 0.0453125 0.0921875
2 0.5453125 0.02890625 0.034375 0.0359375
2 0.8359375 0.13671875 0.046875 0.0921875
2 0.83125 0.03984375 0.05625 0.0296875
2 0.85390625 0.07890625 0.0390625 0.0328125
2 0.83984375 0.30390625 0.0390625 0.0296875
2 0.91484375 0.25625 0.0171875 0.046875
2 0.89609375 0.29609375 0.0359375 0.0203125
2 0.8734375 0.32109375 0.0375 0.0296875
2 0.19765625 0.0453125 0.0546875 0.059375
2 0.01796875 0.0671875 0.0328125 0.034375