2 0.06328125 0.37734375 0.1265625 0.1953125
2 0.14453125 0.353125 0.0734375 0.0875
2 0.17578125 0.30078125 0.0734375 0.0765625
2 0.22109375 0.3203125 0.0296875 0.040625
2 0.26796875 0.3296875 0.0359375 0.053125
2 0.1953125 0.3765625 0.0375 0.05625
2 0.05859375 0.5515625 0.1171875 0.19375
2 0.1515625 0.80859375 0.24375 0.2109375
2 0.17109375 0.93203125 0.2640625 0.1359375
2 0.29609375 0.7140625 0.2203125 0.3375
2 0.43828125 0.88046875 0.0796875 0.1421875
0 0.34765625 0.45234375 0.2296875 0.2203125
2 0.6734375 0.54921875 0.165625 0.1859375
2 0.5625 0.4375 0.109375 0.13125
2 0.4546875 0.3703125 0.05 0.0875
2 0.52109375 0.534375 0.0359375 0.053125
2 0.4484375 0.55625 0.134375 0.13125
2 0.45546875 0.4703125 0.0453125 0.071875
2 0.38515625 0.2859375 0.0640625 0.065625
2 0.3015625 0.18203125 0.184375 0.1328125