0 0.08671875 0.6265625 0.1734375 0.165625
0 0.215625 0.68203125 0.078125 0.0796875
0 0.28125 0.7015625 0.046875 0.040625
0 0.29921875 0.5515625 0.0640625 0.065625
0 0.34375 0.6265625 0.084375 0.125
0 0.35625 0.503125 0.059375 0.065625
0 0.3109375 0.3390625 0.01875 0.046875
0 0.2875 0.34296875 0.046875 0.0921875
0 0.03671875 0.140625 0.0734375 0.059375
0 0.03359375 0.21796875 0.0671875 0.0796875
0 0.3 0.1890625 0.053125 0.0875
0 0.340625 0.0453125 0.103125 0.090625
0 0.3515625 0.1546875 0.075 0.059375
0 0.4109375 0.909375 0.078125 0.06875
0 0.2234375 0.89921875 0.0625 0.0421875
0 0.13671875 0.96640625 0.1046875 0.0671875
0 0.0375 0.940625 0.071875 0.06875