0 0.6390625 0.80078125 0.115625 0.1984375
0 0.4828125 0.775 0.15625 0.1625
0 0.25859375 0.8640625 0.2828125 0.109375
0 0.1515625 0.73046875 0.109375 0.1171875
0 0.409375 0.57578125 0.053125 0.0515625
0 0.4875 0.62421875 0.190625 0.0828125
0 0.625 0.63671875 0.103125 0.0859375
0 0.70546875 0.58671875 0.1109375 0.0703125
0 0.78203125 0.55078125 0.0609375 0.0515625
0 0.68359375 0.4375 0.0984375 0.04375
0 0.88359375 0.54140625 0.0953125 0.0890625
0 0.8828125 0.6078125 0.046875 0.053125
0 0.91328125 0.72734375 0.0953125 0.0953125
0 0.84296875 0.703125 0.1109375 0.096875
0 0.975 0.6375 0.05 0.1375
0 0.834375 0.80625 0.0875 0.11875
0 0.7671875 0.96875 0.04375 0.0625
0 0.8953125 0.91171875 0.140625 0.1765625
0 0.78203125 0.86875 0.0671875 0.103125
0 0.58125 0.934375 0.15625 0.11875
0 0.446875 0.94609375 0.096875 0.1078125
0 0.3484375 0.9703125 0.08125 0.05
0 0.3828125 0.94140625 0.053125 0.0421875
0 0.19453125 0.965625 0.2234375 0.06875
0 0.071875 0.81328125 0.071875 0.0671875
0 0.0390625 0.69140625 0.040625 0.0390625
0 0.05 0.625 0.059375 0.046875
0 0.08828125 0.59140625 0.0421875 0.0421875
0 0.146875 0.5296875 0.125 0.034375
0 0.23515625 0.6015625 0.0953125 0.025
0 0.19296875 0.5703125 0.0703125 0.053125
0 0.2546875 0.5578125 0.04375 0.05
0 0.22734375 0.528125 0.0390625 0.040625
0 0.028125 0.5578125 0.025 0.034375
0 0.0109375 0.57578125 0.021875 0.0234375
0 0.04296875 0.48515625 0.0296875 0.0328125
0 0.175 0.48359375 0.084375 0.0390625
0 0.33828125 0.49375 0.0390625 0.034375
0 0.32265625 0.5578125 0.0890625 0.0625
0 0.37265625 0.5078125 0.0390625 0.0375
0 0.49296875 0.49921875 0.0640625 0.0265625
0 0.48359375 0.553125 0.0640625 0.04375
0 0.53515625 0.53125 0.0265625 0.028125
0 0.6234375 0.53828125 0.04375 0.0546875
0 0.59375 0.46875 0.025 0.040625
0 0.71171875 0.540625 0.0546875 0.046875
0 0.8203125 0.4734375 0.059375 0.040625
0 0.96015625 0.54375 0.0390625 0.04375
0 0.975 0.4875 0.040625 0.040625
0 0.728125 0.68515625 0.0875 0.1078125