2 0.25859375 0.8546875 0.1421875 0.121875
2 0.59375 0.93125 0.171875 0.1375
2 0.84609375 0.88984375 0.2203125 0.1765625
2 0.6953125 0.57265625 0.15 0.1515625
2 0.375 0.37578125 0.121875 0.1359375
2 0.39375 0.6078125 0.15 0.2625
2 0.203125 0.59375 0.08125 0.153125
2 0.1265625 0.79453125 0.0625 0.1015625
2 0.1625 0.7015625 0.078125 0.0875
2 0.81953125 0.6 0.0734375 0.1
2 0.82890625 0.38203125 0.0703125 0.0484375
2 0.6375 0.3390625 0.109375 0.090625
2 0.51640625 0.390625 0.0734375 0.084375
2 0.1390625 0.471875 0.05625 0.096875