0 0.646875 0.45546875 0.175 0.1828125
0 0.72890625 0.62421875 0.4109375 0.2359375
0 0.646875 0.3375 0.390625 0.153125
0 0.64140625 0.0859375 0.2234375 0.128125
0 0.76953125 0.80546875 0.1484375 0.0859375
0 0.759375 0.8578125 0.053125 0.028125
1 0.74296875 0.8859375 0.1078125 0.053125
0 0.70234375 0.93515625 0.0734375 0.0796875
0 0.7875 0.95234375 0.09375 0.0734375
0 0.66171875 0.96953125 0.0546875 0.0484375
0 0.64765625 0.86875 0.0609375 0.05
0 0.66015625 0.8046875 0.0296875 0.040625
0 0.68671875 0.8171875 0.0203125 0.01875
0 0.6875 0.7875 0.03125 0.034375
0 0.67421875 0.75078125 0.0296875 0.0359375
0 0.59765625 0.85859375 0.0671875 0.1046875
0 0.5765625 0.77734375 0.115625 0.0640625