0 0.553125 0.6640625 0.290625 0.203125
0 0.4640625 0.490625 0.1125 0.128125
0 0.4421875 0.40078125 0.06875 0.0890625
0 0.6171875 0.49375 0.05 0.046875
0 0.5859375 0.384375 0.04375 0.0375
0 0.60859375 0.30703125 0.0671875 0.0765625
0 0.5046875 0.253125 0.090625 0.103125
0 0.3671875 0.28359375 0.109375 0.1640625
0 0.3640625 0.5359375 0.071875 0.171875
0 0.29140625 0.5640625 0.0890625 0.228125
0 0.3078125 0.41953125 0.059375 0.0859375
0 0.71640625 0.5546875 0.0671875 0.1875
0 0.940625 0.525 0.025 0.0375
0 0.884375 0.5265625 0.025 0.046875
0 0.63515625 0.1546875 0.0828125 0.1