0 0.87890625 0.70859375 0.2046875 0.1984375
0 0.740625 0.7375 0.09375 0.09375
0 0.67265625 0.74375 0.0546875 0.05
0 0.68671875 0.5921875 0.0765625 0.078125
0 0.62734375 0.65703125 0.1078125 0.1390625
0 0.640625 0.53359375 0.071875 0.0765625
0 0.71875 0.3828125 0.028125 0.05
0 0.7421875 0.390625 0.065625 0.1
0 0.98671875 0.32109375 0.0265625 0.0921875
0 0.76171875 0.2375 0.0703125 0.096875
0 0.75078125 0.0890625 0.1203125 0.109375
0 0.71796875 0.19296875 0.0859375 0.0734375
0 0.503125 0.91796875 0.090625 0.0828125
0 0.68828125 0.94765625 0.0703125 0.0546875