0 0.6265625 0.91328125 0.165625 0.1734375
0 0.68203125 0.784375 0.0796875 0.078125
0 0.7015625 0.7203125 0.040625 0.046875
0 0.5515625 0.70234375 0.065625 0.0640625
0 0.62734375 0.65625 0.1265625 0.084375
0 0.503125 0.6453125 0.065625 0.059375
0 0.3390625 0.6890625 0.046875 0.01875
0 0.34296875 0.71328125 0.0921875 0.0484375
0 0.14140625 0.96328125 0.0609375 0.0734375
0 0.21796875 0.96640625 0.0796875 0.0671875
0 0.1890625 0.7015625 0.0875 0.053125
0 0.0453125 0.66015625 0.090625 0.1046875
0 0.15546875 0.65 0.0609375 0.075
0 0.90859375 0.590625 0.0703125 0.078125
0 0.89921875 0.7765625 0.0421875 0.0625
0 0.96640625 0.86484375 0.0671875 0.1046875
0 0.940625 0.9625 0.06875 0.071875