0 0.4625 0.64921875 0.175 0.1640625
0 0.6359375 0.72265625 0.215625 0.3984375
0 0.34609375 0.65546875 0.1328125 0.3828125
0 0.09453125 0.66328125 0.1171875 0.2171875
0 0.81875 0.75234375 0.078125 0.1453125
0 0.87109375 0.74140625 0.0265625 0.0515625
1 0.8984375 0.7234375 0.046875 0.10625
0 0.94609375 0.67890625 0.0765625 0.0703125
0 0.965625 0.7640625 0.06875 0.090625
0 0.97734375 0.63671875 0.0453125 0.0515625
0 0.8765625 0.62890625 0.046875 0.0578125
0 0.81328125 0.64375 0.0390625 0.028125
0 0.82578125 0.6703125 0.0171875 0.01875
0 0.796875 0.67265625 0.03125 0.0296875
0 0.759375 0.6609375 0.034375 0.028125
0 0.86328125 0.578125 0.1015625 0.0625
0 0.78046875 0.5609375 0.0578125 0.1125