2 0.18828125 0.20625 0.1421875 0.159375
2 0.0703125 0.525 0.140625 0.190625
2 0.08203125 0.78046875 0.1640625 0.2453125
2 0.39921875 0.68125 0.1734375 0.171875
2 0.64296875 0.3953125 0.1515625 0.140625
2 0.41015625 0.37890625 0.2828125 0.1890625
2 0.45546875 0.19140625 0.1640625 0.1046875
2 0.26875 0.084375 0.109375 0.078125
2 0.35390625 0.134375 0.0984375 0.090625
2 0.353125 0.79921875 0.109375 0.0859375
2 0.565625 0.84375 0.059375 0.075
2 0.6390625 0.6609375 0.10625 0.121875
2 0.60546875 0.53359375 0.0953125 0.0859375
2 0.58515625 0.14765625 0.1046875 0.0703125